site_id,startDateTime,VSWC,SOILT
ABBY,2021-05-01T00:00:00Z,0.2709666666666667,11.657399999999999
ABBY,2021-05-02T00:00:00Z,0.32484999999999997,10.3
ABBY,2021-05-03T00:00:00Z,0.243,10.8744
ABBY,2021-05-04T00:00:00Z,0.31415,9.9198
ABBY,2021-05-05T00:00:00Z,0.3034,11.6054
ABBY,2021-05-06T00:00:00Z,0.32415,13.052
ABBY,2021-05-07T00:00:00Z,0.2909,11.2472
ABBY,2021-05-08T00:00:00Z,0.3193,9.028
ABBY,2021-05-09T00:00:00Z,0.2735,9.3674
ABBY,2021-05-10T00:00:00Z,0.31335,10.65875
ABBY,2021-05-11T00:00:00Z,0.33130000000000004,11.4812
ABBY,2021-05-12T00:00:00Z,0.2465,12.652
ABBY,2021-05-13T00:00:00Z,0.2671,13.9018
ABBY,2021-05-14T00:00:00Z,0.2973,14.2828
ABBY,2021-05-15T00:00:00Z,0.2567666666666667,15.0496
ABBY,2021-05-16T00:00:00Z,0.25730000000000003,14.8744
ABBY,2021-05-17T00:00:00Z,0.30310000000000004,15.3902
ABBY,2021-05-18T00:00:00Z,0.27226666666666666,12.8024
ABBY,2021-05-19T00:00:00Z,0.2795,10.251199999999999
ABBY,2021-05-20T00:00:00Z,0.304,8.7744
ABBY,2021-05-21T00:00:00Z,0.28400000000000003,8.7134
ABBY,2021-05-22T00:00:00Z,0.2954333333333333,9.447000000000001
ABBY,2021-05-23T00:00:00Z,0.27755,10.9558
ABBY,2021-05-24T00:00:00Z,0.266125,10.3666
ABBY,2021-05-25T00:00:00Z,0.2680666666666667,10.6348
ABBY,2021-05-26T00:00:00Z,0.30245,11.2112
ABBY,2021-05-27T00:00:00Z,0.3085333333333333,12.6538
ABBY,2021-05-28T00:00:00Z,0.2835666666666667,10.7988
ABBY,2021-05-29T00:00:00Z,0.3125,11.7468
ABBY,2021-05-30T00:00:00Z,0.33275,14.0434
ABBY,2021-05-31T00:00:00Z,0.3552,15.0776
BARR,2021-05-01T00:00:00Z,NA,-10.48075
BARR,2021-05-02T00:00:00Z,NA,-9.933
BARR,2021-05-03T00:00:00Z,NA,-10.2535
BARR,2021-05-04T00:00:00Z,NA,-9.95775
BARR,2021-05-05T00:00:00Z,NA,-9.771
BARR,2021-05-06T00:00:00Z,NA,-9.6765
BARR,2021-05-07T00:00:00Z,NA,-10.0395
BARR,2021-05-08T00:00:00Z,NA,-9.932
BARR,2021-05-09T00:00:00Z,NA,-9.9765
BARR,2021-05-10T00:00:00Z,NA,-9.62925
BARR,2021-05-11T00:00:00Z,NA,-9.347
BARR,2021-05-12T00:00:00Z,NA,-9.0715
BARR,2021-05-13T00:00:00Z,NA,-9.10925
BARR,2021-05-14T00:00:00Z,NA,-9.15025
BARR,2021-05-15T00:00:00Z,NA,-8.791
BARR,2021-05-16T00:00:00Z,NA,-8.4505
BARR,2021-05-17T00:00:00Z,NA,-8.1625
BARR,2021-05-18T00:00:00Z,NA,-7.654
BARR,2021-05-19T00:00:00Z,NA,-6.953
BARR,2021-05-20T00:00:00Z,NA,-6.166
BARR,2021-05-21T00:00:00Z,NA,-5.9575
BARR,2021-05-22T00:00:00Z,NA,-5.6585
BARR,2021-05-23T00:00:00Z,NA,-5.39925
BARR,2021-05-24T00:00:00Z,NA,-4.4295
BARR,2021-05-25T00:00:00Z,NA,-4.422
BARR,2021-05-26T00:00:00Z,NA,-4.71075
BARR,2021-05-27T00:00:00Z,NA,-4.897
BARR,2021-05-28T00:00:00Z,NA,-3.597
BARR,2021-05-29T00:00:00Z,NA,-3.74025
BARR,2021-05-30T00:00:00Z,NA,-3.601
BARR,2021-05-31T00:00:00Z,NA,-3.5045
BART,2021-05-01T00:00:00Z,0.1732,7.3298000000000005
BART,2021-05-02T00:00:00Z,0.1692,6.6448
BART,2021-05-03T00:00:00Z,0.1824,8.5368
BART,2021-05-04T00:00:00Z,0.181,7.9768
BART,2021-05-05T00:00:00Z,0.17955,8.5826
BART,2021-05-06T00:00:00Z,0.19165,7.5136
BART,2021-05-07T00:00:00Z,0.18385,7.961
BART,2021-05-08T00:00:00Z,0.18059999999999998,8.350999999999999
BART,2021-05-09T00:00:00Z,0.17970000000000003,8.0994
BART,2021-05-10T00:00:00Z,0.17875000000000002,8.8898
BART,2021-05-11T00:00:00Z,0.1777,9.091000000000001
BART,2021-05-12T00:00:00Z,0.17965,7.7972
BART,2021-05-13T00:00:00Z,0.17835,8.5548
BART,2021-05-14T00:00:00Z,0.17715,9.6832
BART,2021-05-15T00:00:00Z,0.2453,10.5168
BART,2021-05-16T00:00:00Z,0.24093333333333333,11.1032
BART,2021-05-17T00:00:00Z,0.2343,11.370999999999999
BART,2021-05-18T00:00:00Z,0.22943333333333335,11.5938
BART,2021-05-19T00:00:00Z,0.256175,12.3392
BART,2021-05-20T00:00:00Z,0.19786666666666666,13.4088
BART,2021-05-21T00:00:00Z,0.1689,13.8378
BART,2021-05-22T00:00:00Z,0.21603333333333333,14.2232
BART,2021-05-23T00:00:00Z,0.2244,14.3932
BART,2021-05-24T00:00:00Z,0.21366666666666667,12.538
BART,2021-05-25T00:00:00Z,0.16685,12.4126
BART,2021-05-26T00:00:00Z,0.2139,14.2666
BART,2021-05-27T00:00:00Z,0.2846,14.7934
BART,2021-05-28T00:00:00Z,0.258725,12.7298
BART,2021-05-29T00:00:00Z,0.1762,10.5696
BART,2021-05-30T00:00:00Z,0.3857,9.9358
BART,2021-05-31T00:00:00Z,0.21933333333333332,8.7622
BLAN,2021-05-01T00:00:00Z,0.27407499999999996,13.4428
BLAN,2021-05-02T00:00:00Z,0.25895,14.4076
BLAN,2021-05-03T00:00:00Z,0.245275,17.8642
BLAN,2021-05-04T00:00:00Z,0.24659999999999999,17.5704
BLAN,2021-05-05T00:00:00Z,0.3286,17.82
BLAN,2021-05-06T00:00:00Z,0.33140000000000003,16.023
BLAN,2021-05-07T00:00:00Z,0.3245,14.7274
BLAN,2021-05-08T00:00:00Z,0.290075,12.5428
BLAN,2021-05-09T00:00:00Z,0.3133,12.0914
BLAN,2021-05-10T00:00:00Z,0.3665,13.6792
BLAN,2021-05-11T00:00:00Z,0.3123,13.7874
BLAN,2021-05-12T00:00:00Z,0.2255,13.4268
BLAN,2021-05-13T00:00:00Z,0.21430000000000002,13.0524
BLAN,2021-05-14T00:00:00Z,0.2677,13.7628
BLAN,2021-05-15T00:00:00Z,0.20529999999999998,13.829
BLAN,2021-05-16T00:00:00Z,0.21985,14.478200000000001
BLAN,2021-05-17T00:00:00Z,0.22164999999999999,12.597199999999999
BLAN,2021-05-18T00:00:00Z,0.19455,14.7594
BLAN,2021-05-19T00:00:00Z,0.18056666666666665,16.3996
BLAN,2021-05-20T00:00:00Z,0.2032,17.5064
BLAN,2021-05-21T00:00:00Z,0.1769,18.544800000000002
BLAN,2021-05-22T00:00:00Z,0.17485,18.6916
BLAN,2021-05-23T00:00:00Z,0.16695,19.0478
BLAN,2021-05-24T00:00:00Z,0.17073333333333335,20.7452
BLAN,2021-05-25T00:00:00Z,0.1703,16.5252
BLAN,2021-05-26T00:00:00Z,0.16555999999999998,19.6234
BLAN,2021-05-27T00:00:00Z,0.19654,20.3052
BLAN,2021-05-28T00:00:00Z,0.167875,19.9332
BLAN,2021-05-29T00:00:00Z,0.22556666666666667,17.8406
BLAN,2021-05-30T00:00:00Z,0.2995,13.742
BLAN,2021-05-31T00:00:00Z,0.28605,13.2758
BONA,2021-05-01T00:00:00Z,NA,2.1448
BONA,2021-05-02T00:00:00Z,NA,9.428799999999999
BONA,2021-05-03T00:00:00Z,0,13.9582
BONA,2021-05-04T00:00:00Z,0,15.2038
BONA,2021-05-05T00:00:00Z,NA,12.5856
BONA,2021-05-06T00:00:00Z,NA,13.8118
BONA,2021-05-07T00:00:00Z,NA,15.1156
BONA,2021-05-08T00:00:00Z,NA,13.515
BONA,2021-05-09T00:00:00Z,NA,14.4034
BONA,2021-05-10T00:00:00Z,NA,13.6348
BONA,2021-05-11T00:00:00Z,NA,17.7122
BONA,2021-05-12T00:00:00Z,0,19.0024
BONA,2021-05-13T00:00:00Z,0,17.6796
BONA,2021-05-14T00:00:00Z,NA,16.245666666666665
BONA,2021-05-15T00:00:00Z,NA,19.4638
BONA,2021-05-16T00:00:00Z,NA,19.9236
BONA,2021-05-17T00:00:00Z,NA,9.8962
BONA,2021-05-18T00:00:00Z,NA,14.3302
BONA,2021-05-19T00:00:00Z,NA,19.842399999999998
BONA,2021-05-20T00:00:00Z,0,22.2286
BONA,2021-05-21T00:00:00Z,NA,21.9254
BONA,2021-05-22T00:00:00Z,0,14.536200000000001
BONA,2021-05-23T00:00:00Z,0,13.0704
BONA,2021-05-24T00:00:00Z,0,18.2374
BONA,2021-05-25T00:00:00Z,NA,24.9066
BONA,2021-05-26T00:00:00Z,0,23.35
BONA,2021-05-27T00:00:00Z,NA,16.4924
BONA,2021-05-28T00:00:00Z,0,17.2684
BONA,2021-05-29T00:00:00Z,0,9.7918
BONA,2021-05-30T00:00:00Z,0,13.865
BONA,2021-05-31T00:00:00Z,0,18.7182
CLBJ,2021-05-01T00:00:00Z,0.2779,17.666999999999998
CLBJ,2021-05-02T00:00:00Z,0.19665000000000002,17.96
CLBJ,2021-05-03T00:00:00Z,0.2757,19.926
CLBJ,2021-05-04T00:00:00Z,0.19635,20.755333333333333
CLBJ,2021-05-05T00:00:00Z,0.15225,19.062666666666665
CLBJ,2021-05-06T00:00:00Z,0.2313,18.575
CLBJ,2021-05-07T00:00:00Z,0.1886,19.60333333333333
CLBJ,2021-05-08T00:00:00Z,0.1034,20.249
CLBJ,2021-05-09T00:00:00Z,0.1834,21.222666666666665
CLBJ,2021-05-10T00:00:00Z,0.1824,20.468333333333334
CLBJ,2021-05-11T00:00:00Z,0.18026666666666666,16.705333333333332
CLBJ,2021-05-12T00:00:00Z,0.18663333333333332,16.051
CLBJ,2021-05-13T00:00:00Z,NA,16.193666666666665
CLBJ,2021-05-14T00:00:00Z,NA,17.530333333333335
CLBJ,2021-05-15T00:00:00Z,0.1383,18.611
CLBJ,2021-05-16T00:00:00Z,0.1809,19.295
CLBJ,2021-05-17T00:00:00Z,0.1835,19.569666666666667
CLBJ,2021-05-18T00:00:00Z,NA,20.436333333333334
CLBJ,2021-05-19T00:00:00Z,0.21343333333333334,18.970333333333333
CLBJ,2021-05-20T00:00:00Z,0.2052,20.266666666666666
CLBJ,2021-05-21T00:00:00Z,0.24525000000000002,19.962
CLBJ,2021-05-22T00:00:00Z,0.20173333333333332,21.240666666666666
CLBJ,2021-05-23T00:00:00Z,0.20196666666666666,20.185666666666666
CLBJ,2021-05-24T00:00:00Z,0.20376666666666668,20.206333333333333
CLBJ,2021-05-25T00:00:00Z,0.22406666666666666,20.058333333333334
CLBJ,2021-05-26T00:00:00Z,0.2127,20.832
CLBJ,2021-05-27T00:00:00Z,0.20766666666666667,22.713
CLBJ,2021-05-28T00:00:00Z,0.2051,22.846666666666668
CLBJ,2021-05-29T00:00:00Z,0.2106,21.403666666666666
CLBJ,2021-05-30T00:00:00Z,0.2489,21.477
CLBJ,2021-05-31T00:00:00Z,0.20186666666666667,20.681
DCFS,2021-05-01T00:00:00Z,0.1951,12.30775
DCFS,2021-05-02T00:00:00Z,0.2118,16.311
DCFS,2021-05-03T00:00:00Z,0.19533333333333333,9.4645
DCFS,2021-05-04T00:00:00Z,0.20006666666666667,10.637
DCFS,2021-05-05T00:00:00Z,0.20355,12.36575
DCFS,2021-05-06T00:00:00Z,NA,8.96575
DCFS,2021-05-07T00:00:00Z,0.228775,11.89575
DCFS,2021-05-08T00:00:00Z,0.220025,12.847
DCFS,2021-05-09T00:00:00Z,0.2183,8.514
DCFS,2021-05-10T00:00:00Z,0.205625,12.78675
DCFS,2021-05-11T00:00:00Z,0.2028,13.89925
DCFS,2021-05-12T00:00:00Z,0.1914,15.79575
DCFS,2021-05-13T00:00:00Z,0.18245,16.4035
DCFS,2021-05-14T00:00:00Z,0.177,13.04175
DCFS,2021-05-15T00:00:00Z,0.17073333333333332,17.775750000000002
DCFS,2021-05-16T00:00:00Z,0.17073333333333332,19.739
DCFS,2021-05-17T00:00:00Z,0.14,20.221
DCFS,2021-05-18T00:00:00Z,0.154775,20.286749999999998
DCFS,2021-05-19T00:00:00Z,0.1409,19.108249999999998
DCFS,2021-05-20T00:00:00Z,0.154825,18.63
DCFS,2021-05-21T00:00:00Z,0.18405,15.83375
DCFS,2021-05-22T00:00:00Z,0.21553333333333333,17.8325
DCFS,2021-05-23T00:00:00Z,0.2716,12.748000000000001
DCFS,2021-05-24T00:00:00Z,0.2629,15.4375
DCFS,2021-05-25T00:00:00Z,0.240875,19.0325
DCFS,2021-05-26T00:00:00Z,0.22956666666666667,15.506
DCFS,2021-05-27T00:00:00Z,0.20515,13.2915
DCFS,2021-05-28T00:00:00Z,0.1987,11.58275
DCFS,2021-05-29T00:00:00Z,0.1857,14.314250000000001
DCFS,2021-05-30T00:00:00Z,0.1573,12.667
DCFS,2021-05-31T00:00:00Z,0.169875,17.59125
DEJU,2021-05-01T00:00:00Z,0.3259,0.1284
DEJU,2021-05-02T00:00:00Z,0.3282,0.49460000000000004
DEJU,2021-05-03T00:00:00Z,0.3072,1.9758
DEJU,2021-05-04T00:00:00Z,0.316,3.4068
DEJU,2021-05-05T00:00:00Z,0.3353,3.9718
DEJU,2021-05-06T00:00:00Z,0.33345,4.197
DEJU,2021-05-07T00:00:00Z,0.33299999999999996,3.82
DEJU,2021-05-08T00:00:00Z,0.2873,5.740600000000001
DEJU,2021-05-09T00:00:00Z,NA,7.5664
DEJU,2021-05-10T00:00:00Z,0.2634,7.9278
DEJU,2021-05-11T00:00:00Z,0.2586,8.9116
DEJU,2021-05-12T00:00:00Z,0.2629,2.6328
DEJU,2021-05-13T00:00:00Z,NA,5.0754
DEJU,2021-05-14T00:00:00Z,0.2978,5.6122000000000005
DEJU,2021-05-15T00:00:00Z,0.32089999999999996,8.1518
DEJU,2021-05-16T00:00:00Z,NA,6.7314
DEJU,2021-05-17T00:00:00Z,0.31810000000000005,7.2186
DEJU,2021-05-18T00:00:00Z,0.2749,5.9184
DEJU,2021-05-19T00:00:00Z,0.31655,9.0732
DEJU,2021-05-20T00:00:00Z,0.3558,9.7012
DEJU,2021-05-21T00:00:00Z,0.3065,8.0502
DEJU,2021-05-22T00:00:00Z,0.30155,9.465
DEJU,2021-05-23T00:00:00Z,0.3668,4.9888
DEJU,2021-05-24T00:00:00Z,0.3501,7.239
DEJU,2021-05-25T00:00:00Z,NA,11.1302
DEJU,2021-05-26T00:00:00Z,0.2474,11.0976
DEJU,2021-05-27T00:00:00Z,0.3137,11.293199999999999
DEJU,2021-05-28T00:00:00Z,0.29325,8.7822
DEJU,2021-05-29T00:00:00Z,0.2888,4.2392
DEJU,2021-05-30T00:00:00Z,NA,4.4236
DEJU,2021-05-31T00:00:00Z,0.35035,11.511
DELA,2021-05-01T00:00:00Z,0.3823,19.82775
DELA,2021-05-02T00:00:00Z,0.3413,19.82325
DELA,2021-05-03T00:00:00Z,0.28150000000000003,19.835
DELA,2021-05-04T00:00:00Z,0.26185,21.6416
DELA,2021-05-06T00:00:00Z,0.3252,20.449
DELA,2021-05-07T00:00:00Z,0.246,19.228
DELA,2021-05-08T00:00:00Z,0.29205,18.4368
DELA,2021-05-09T00:00:00Z,0.3128,19.145
DELA,2021-05-10T00:00:00Z,0.29636666666666667,20.344
DELA,2021-05-11T00:00:00Z,0.2712,20.238
DELA,2021-05-12T00:00:00Z,0.32535,19.937
DELA,2021-05-13T00:00:00Z,0.39444999999999997,19.0432
DELA,2021-05-14T00:00:00Z,0.35,18.5748
DELA,2021-05-15T00:00:00Z,0.3437,18.62
DELA,2021-05-16T00:00:00Z,0.33486666666666665,19.1704
DELA,2021-05-17T00:00:00Z,0.303775,19.6514
DELA,2021-05-18T00:00:00Z,0.3235,20.264400000000002
DELA,2021-05-19T00:00:00Z,0.28348,20.3434
DELA,2021-05-20T00:00:00Z,0.27363333333333334,21.35
DELA,2021-05-21T00:00:00Z,0.25043333333333334,21.4796
DELA,2021-05-22T00:00:00Z,0.2282,21.6188
DELA,2021-05-23T00:00:00Z,0.24556666666666666,21.6746
DELA,2021-05-24T00:00:00Z,0.21465,22.174599999999998
DELA,2021-05-25T00:00:00Z,0.21506,22.7286
DELA,2021-05-26T00:00:00Z,0.198,22.8028
DELA,2021-05-27T00:00:00Z,0.1937,22.573
DELA,2021-05-28T00:00:00Z,0.1906,23.3538
DELA,2021-05-29T00:00:00Z,0.33553333333333335,23.0456
DELA,2021-05-30T00:00:00Z,0.30705000000000005,20.8786
DELA,2021-05-31T00:00:00Z,0.28755000000000003,19.6502
DSNY,2021-05-01T00:00:00Z,0.07830000000000001,26.13375
DSNY,2021-05-02T00:00:00Z,0.07973333333333334,26.48075
DSNY,2021-05-03T00:00:00Z,0.062675,27.00625
DSNY,2021-05-04T00:00:00Z,0.14483333333333334,25.799500000000002
DSNY,2021-05-05T00:00:00Z,0.09775,27.384
DSNY,2021-05-06T00:00:00Z,0.0751,26.7624
DSNY,2021-05-07T00:00:00Z,0.06934,27.0092
DSNY,2021-05-08T00:00:00Z,0.05964,25.4934
DSNY,2021-05-09T00:00:00Z,0.05545,25.3738
DSNY,2021-05-10T00:00:00Z,0.040766666666666666,26.7478
DSNY,2021-05-11T00:00:00Z,0.03535,27.4126
DSNY,2021-05-12T00:00:00Z,0.038,27.0752
DSNY,2021-05-13T00:00:00Z,0.03345,26.8668
DSNY,2021-05-14T00:00:00Z,0.03493333333333333,25.3134
DSNY,2021-05-15T00:00:00Z,0.027800000000000002,26.1344
DSNY,2021-05-16T00:00:00Z,0.0259,25.7952
DSNY,2021-05-17T00:00:00Z,0.0198,25.906
DSNY,2021-05-18T00:00:00Z,0.027,25.5324
DSNY,2021-05-19T00:00:00Z,0.020733333333333333,25.7608
DSNY,2021-05-20T00:00:00Z,0.0229,25.6416
DSNY,2021-05-21T00:00:00Z,0.016466666666666668,26.4392
DSNY,2021-05-22T00:00:00Z,0.0151,26.2684
DSNY,2021-05-23T00:00:00Z,0.0145,26.4446
DSNY,2021-05-24T00:00:00Z,0.0201,27.0468
DSNY,2021-05-25T00:00:00Z,0.0231,27.5204
DSNY,2021-05-26T00:00:00Z,0.0149,28.098
DSNY,2021-05-27T00:00:00Z,0.015466666666666667,28.2034
DSNY,2021-05-28T00:00:00Z,0.015566666666666666,28.6652
DSNY,2021-05-29T00:00:00Z,0.0117,28.9256
DSNY,2021-05-30T00:00:00Z,0.01505,29.5774
DSNY,2021-05-31T00:00:00Z,0.014266666666666667,25.9818
GRSM,2021-05-01T00:00:00Z,0.15715,16.78575
GRSM,2021-05-02T00:00:00Z,0.26349999999999996,16.2045
GRSM,2021-05-03T00:00:00Z,0.24353333333333335,16.35575
GRSM,2021-05-04T00:00:00Z,0.19815,17.9315
GRSM,2021-05-05T00:00:00Z,0.253875,16.5425
GRSM,2021-05-06T00:00:00Z,0.2782,15.4325
GRSM,2021-05-07T00:00:00Z,0.3423,15.0155
GRSM,2021-05-08T00:00:00Z,0.22133333333333333,14.02575
GRSM,2021-05-09T00:00:00Z,0.2303,14.405249999999999
GRSM,2021-05-11T00:00:00Z,0.21513333333333334,15.04675
GRSM,2021-05-12T00:00:00Z,0.24309999999999998,14.86825
GRSM,2021-05-13T00:00:00Z,0.256775,12.61175
GRSM,2021-05-14T00:00:00Z,0.19,13.873999999999999
GRSM,2021-05-15T00:00:00Z,0.18405000000000002,14.2895
GRSM,2021-05-16T00:00:00Z,0.3381,15.285250000000001
GRSM,2021-05-17T00:00:00Z,0.24655,15.458
GRSM,2021-05-18T00:00:00Z,0.2232,16.2275
GRSM,2021-05-19T00:00:00Z,0.219525,16.28675
GRSM,2021-05-20T00:00:00Z,0.17703333333333332,17.442
GRSM,2021-05-21T00:00:00Z,0.20523333333333332,18.30525
GRSM,2021-05-22T00:00:00Z,0.19645,18.53225
GRSM,2021-05-23T00:00:00Z,0.1888,18.6055
GRSM,2021-05-24T00:00:00Z,0.21553333333333333,19.1495
GRSM,2021-05-25T00:00:00Z,0.1745,19.34025
GRSM,2021-05-26T00:00:00Z,0.13433333333333333,19.3655
GRSM,2021-05-27T00:00:00Z,0.16190000000000002,20.1265
GRSM,2021-05-28T00:00:00Z,0.159225,19.7145
GRSM,2021-05-29T00:00:00Z,0.22794999999999999,18.69225
GRSM,2021-05-30T00:00:00Z,0.24330000000000002,15.84375
GRSM,2021-05-31T00:00:00Z,0.20916666666666667,15.2375
GUAN,2021-05-01T00:00:00Z,0.006149999999999999,26.565
GUAN,2021-05-02T00:00:00Z,0.00845,26.2894
GUAN,2021-05-03T00:00:00Z,0.0116,25.8712
GUAN,2021-05-04T00:00:00Z,0.017733333333333334,25.6792
GUAN,2021-05-05T00:00:00Z,0.019066666666666666,26.2962
GUAN,2021-05-06T00:00:00Z,0.0122,26.646
GUAN,2021-05-07T00:00:00Z,0.014666666666666666,26.6434
GUAN,2021-05-08T00:00:00Z,0.00455,26.846800000000002
GUAN,2021-05-09T00:00:00Z,0.00635,27.1714
GUAN,2021-05-10T00:00:00Z,0.009466666666666667,27.7164
GUAN,2021-05-11T00:00:00Z,0.0091,27.1498
GUAN,2021-05-12T00:00:00Z,0.008833333333333334,27.4388
GUAN,2021-05-13T00:00:00Z,0.0076,27.3902
GUAN,2021-05-14T00:00:00Z,0.0048,27.4936
GUAN,2021-05-15T00:00:00Z,0.0104,27.8202
GUAN,2021-05-16T00:00:00Z,0.0097,27.7476
GUAN,2021-05-17T00:00:00Z,0.005433333333333333,27.9812
GUAN,2021-05-18T00:00:00Z,0.01005,27.954
GUAN,2021-05-19T00:00:00Z,0.0125,28.2504
GUAN,2021-05-20T00:00:00Z,0.0074,28.489
GUAN,2021-05-21T00:00:00Z,0.0091,28.3152
GUAN,2021-05-22T00:00:00Z,0.007549999999999999,28.5424
GUAN,2021-05-23T00:00:00Z,NA,28.7284
GUAN,2021-05-24T00:00:00Z,0.006333333333333333,28.0904
GUAN,2021-05-25T00:00:00Z,NA,28.7692
GUAN,2021-05-26T00:00:00Z,0.00895,28.6564
GUAN,2021-05-27T00:00:00Z,0.0062,28.692999999999998
GUAN,2021-05-28T00:00:00Z,0.007275,27.184
GUAN,2021-05-29T00:00:00Z,0.005266666666666667,27.4856
GUAN,2021-05-30T00:00:00Z,0.0073,28.325
GUAN,2021-05-31T00:00:00Z,0.0067,28.2832
HARV,2021-05-01T00:00:00Z,NA,8.409333333333333
HARV,2021-05-02T00:00:00Z,NA,8.783
HARV,2021-05-03T00:00:00Z,NA,10.840666666666667
HARV,2021-05-04T00:00:00Z,NA,12.083666666666666
HARV,2021-05-05T00:00:00Z,NA,10.624666666666666
HARV,2021-05-06T00:00:00Z,NA,9.348333333333333
HARV,2021-05-07T00:00:00Z,NA,10.074666666666667
HARV,2021-05-08T00:00:00Z,NA,10.045
HARV,2021-05-09T00:00:00Z,NA,9.72
HARV,2021-05-10T00:00:00Z,NA,10.691666666666666
HARV,2021-05-11T00:00:00Z,NA,10.563
HARV,2021-05-12T00:00:00Z,NA,9.472999999999999
HARV,2021-05-13T00:00:00Z,NA,10.302666666666667
HARV,2021-05-14T00:00:00Z,NA,11.347333333333333
HARV,2021-05-15T00:00:00Z,NA,12.742666666666667
HARV,2021-05-16T00:00:00Z,NA,13.611666666666666
HARV,2021-05-17T00:00:00Z,NA,12.318333333333333
HARV,2021-05-18T00:00:00Z,NA,13.807333333333334
HARV,2021-05-19T00:00:00Z,NA,14.304333333333334
HARV,2021-05-20T00:00:00Z,NA,15.856666666666667
HARV,2021-05-21T00:00:00Z,NA,15.822
HARV,2021-05-22T00:00:00Z,NA,16.488666666666667
HARV,2021-05-23T00:00:00Z,NA,17.221666666666668
HARV,2021-05-24T00:00:00Z,NA,14.859
HARV,2021-05-25T00:00:00Z,NA,13.640666666666666
HARV,2021-05-26T00:00:00Z,NA,14.892
HARV,2021-05-27T00:00:00Z,NA,16.676333333333332
HARV,2021-05-28T00:00:00Z,NA,15.253666666666668
HARV,2021-05-29T00:00:00Z,NA,10.528333333333332
HARV,2021-05-30T00:00:00Z,NA,8.111333333333333
HARV,2021-05-31T00:00:00Z,NA,7.995333333333333
HEAL,2021-05-01T00:00:00Z,0,0.33325
HEAL,2021-05-02T00:00:00Z,0,3.447
HEAL,2021-05-03T00:00:00Z,0,2.831
HEAL,2021-05-04T00:00:00Z,0,4.17025
HEAL,2021-05-05T00:00:00Z,0,4.8985
HEAL,2021-05-06T00:00:00Z,0,5.707
HEAL,2021-05-07T00:00:00Z,NA,6.671250000000001
HEAL,2021-05-08T00:00:00Z,0,11.6055
HEAL,2021-05-09T00:00:00Z,NA,12.82825
HEAL,2021-05-10T00:00:00Z,NA,14.18525
HEAL,2021-05-11T00:00:00Z,NA,16.7075
HEAL,2021-05-12T00:00:00Z,0,8.246
HEAL,2021-05-13T00:00:00Z,NA,7.203
HEAL,2021-05-14T00:00:00Z,0,9.77
HEAL,2021-05-15T00:00:00Z,NA,21.1415
HEAL,2021-05-16T00:00:00Z,NA,14.08125
HEAL,2021-05-17T00:00:00Z,0,6.65275
HEAL,2021-05-18T00:00:00Z,NA,5.1055
HEAL,2021-05-19T00:00:00Z,0,15.32825
HEAL,2021-05-20T00:00:00Z,NA,19.576999999999998
HEAL,2021-05-21T00:00:00Z,0,16.561
HEAL,2021-05-22T00:00:00Z,0,13.807
HEAL,2021-05-23T00:00:00Z,0,7.776
HEAL,2021-05-24T00:00:00Z,0,11.072
HEAL,2021-05-25T00:00:00Z,NA,26.664749999999998
HEAL,2021-05-26T00:00:00Z,NA,21.6695
HEAL,2021-05-27T00:00:00Z,NA,25.49725
HEAL,2021-05-28T00:00:00Z,NA,9.97125
HEAL,2021-05-29T00:00:00Z,0,10.20125
HEAL,2021-05-30T00:00:00Z,NA,13.29625
HEAL,2021-05-31T00:00:00Z,0,22.43775
JERC,2021-05-01T00:00:00Z,0.07176,23.9024
JERC,2021-05-02T00:00:00Z,0.06520000000000001,23.8324
JERC,2021-05-03T00:00:00Z,0.0612,24.691
JERC,2021-05-04T00:00:00Z,0.06035,25.7438
JERC,2021-05-05T00:00:00Z,0.0629,26.2932
JERC,2021-05-06T00:00:00Z,0.09509999999999999,23.152
JERC,2021-05-07T00:00:00Z,0.09409999999999999,22.875
JERC,2021-05-08T00:00:00Z,0.07576,21.5554
JERC,2021-05-09T00:00:00Z,0.06844,22.0642
JERC,2021-05-10T00:00:00Z,0.07203333333333334,24.6332
JERC,2021-05-11T00:00:00Z,0.09156666666666667,23.302
JERC,2021-05-12T00:00:00Z,0.10308,23.6248
JERC,2021-05-13T00:00:00Z,0.11496,21.9578
JERC,2021-05-14T00:00:00Z,0.100575,20.0768
JERC,2021-05-15T00:00:00Z,0.08263333333333334,20.9558
JERC,2021-05-16T00:00:00Z,0.08313333333333334,21.5956
JERC,2021-05-17T00:00:00Z,0.07780000000000001,22.2428
JERC,2021-05-18T00:00:00Z,0.0599,23.8552
JERC,2021-05-19T00:00:00Z,0.0649,24.5044
JERC,2021-05-20T00:00:00Z,0.05982,24.892
JERC,2021-05-21T00:00:00Z,0.04533333333333333,25.1074
JERC,2021-05-22T00:00:00Z,0.04273333333333333,25.7604
JERC,2021-05-23T00:00:00Z,0.049940000000000005,25.6838
JERC,2021-05-24T00:00:00Z,0.03755,25.7758
JERC,2021-05-25T00:00:00Z,0.03835,27
JERC,2021-05-26T00:00:00Z,0.04522,27.6348
JERC,2021-05-27T00:00:00Z,0.05056666666666667,27.3764
JERC,2021-05-28T00:00:00Z,0.03473333333333333,27.764
JERC,2021-05-29T00:00:00Z,0.0447,28.0942
JERC,2021-05-30T00:00:00Z,0.03685,26.0512
JERC,2021-05-31T00:00:00Z,0.03545,25.2336
JORN,2021-05-01T00:00:00Z,0.020875,26.3514
JORN,2021-05-02T00:00:00Z,0.021625,32.3908
JORN,2021-05-03T00:00:00Z,0.02208,32.501
JORN,2021-05-04T00:00:00Z,0.02104,29.427
JORN,2021-05-05T00:00:00Z,0.02154,33.623599999999996
JORN,2021-05-06T00:00:00Z,0.019625,34.0586
JORN,2021-05-07T00:00:00Z,0.02152,37.5674
JORN,2021-05-08T00:00:00Z,0.019775,36.806000000000004
JORN,2021-05-09T00:00:00Z,0.02062,33.993
JORN,2021-05-10T00:00:00Z,0.02038,34.2324
JORN,2021-05-11T00:00:00Z,0.0203,35.1096
JORN,2021-05-12T00:00:00Z,0.02052,35.826
JORN,2021-05-13T00:00:00Z,0.0205,35.1442
JORN,2021-05-14T00:00:00Z,0.02082,37.1968
JORN,2021-05-15T00:00:00Z,0.02016,26.329
JORN,2021-05-16T00:00:00Z,0.0205,31.543
JORN,2021-05-17T00:00:00Z,0.02178,35.65
JORN,2021-05-18T00:00:00Z,0.02074,33.8418
JORN,2021-05-19T00:00:00Z,0.02032,32.6012
JORN,2021-05-20T00:00:00Z,0.02044,32.587
JORN,2021-05-21T00:00:00Z,0.02102,38.014
JORN,2021-05-22T00:00:00Z,0.020275,30.6558
JORN,2021-05-23T00:00:00Z,0.02058,35.6772
JORN,2021-05-24T00:00:00Z,0.018575,36.9504
JORN,2021-05-25T00:00:00Z,0.022025,37.6462
JORN,2021-05-26T00:00:00Z,0.02052,38.1622
JORN,2021-05-27T00:00:00Z,0.02135,35.2266
JORN,2021-05-28T00:00:00Z,0.02185,37.5812
JORN,2021-05-29T00:00:00Z,0.019933333333333334,39.9734
JORN,2021-05-30T00:00:00Z,0.0185,39.5696
JORN,2021-05-31T00:00:00Z,0.0223,39.4552
KONA,2021-05-01T00:00:00Z,0.06112,21.203500000000002
KONA,2021-05-02T00:00:00Z,0.04644,21.77175
KONA,2021-05-03T00:00:00Z,0.0413,20.736
KONA,2021-05-04T00:00:00Z,0.03642,18.9345
KONA,2021-05-05T00:00:00Z,0.03166,18.0235
KONA,2021-05-06T00:00:00Z,0.0288,17.776249999999997
KONA,2021-05-07T00:00:00Z,0.02582,18.6575
KONA,2021-05-08T00:00:00Z,0.02436,18.37075
KONA,2021-05-09T00:00:00Z,0.021766666666666667,22.728749999999998
KONA,2021-05-10T00:00:00Z,0.14271999999999999,11.98225
KONA,2021-05-11T00:00:00Z,0.131625,15.1998
KONA,2021-05-12T00:00:00Z,0.11136666666666666,13.42275
KONA,2021-05-13T00:00:00Z,0.10112,15.9214
KONA,2021-05-14T00:00:00Z,0.07822,17.458750000000002
KONA,2021-05-15T00:00:00Z,0.06012,17.7755
KONA,2021-05-16T00:00:00Z,0.09605999999999999,20.580000000000002
KONA,2021-05-17T00:00:00Z,0.32214,17.768250000000002
KONA,2021-05-18T00:00:00Z,0.27638,18.88225
KONA,2021-05-19T00:00:00Z,0.265675,21.74125
KONA,2021-05-20T00:00:00Z,0.2661,19.47625
KONA,2021-05-21T00:00:00Z,0.26865,19.47825
KONA,2021-05-22T00:00:00Z,0.25526666666666664,22.49475
KONA,2021-05-23T00:00:00Z,0.2529,21.94025
KONA,2021-05-24T00:00:00Z,0.24659999999999999,21.94225
KONA,2021-05-25T00:00:00Z,0.23324,21.66375
KONA,2021-05-26T00:00:00Z,0.22044,23.51325
KONA,2021-05-27T00:00:00Z,0.19544,22.2595
KONA,2021-05-28T00:00:00Z,0.252775,21.6515
KONA,2021-05-29T00:00:00Z,0.24114,17.956000000000003
KONA,2021-05-30T00:00:00Z,0.229375,18.3245
KONA,2021-05-31T00:00:00Z,0.22525,16.691000000000003
KONZ,2021-05-01T00:00:00Z,0.194625,20.792749999999998
KONZ,2021-05-02T00:00:00Z,0.18532500000000002,20.282
KONZ,2021-05-03T00:00:00Z,0.2008,19.25925
KONZ,2021-05-04T00:00:00Z,0.16596666666666665,19.579250000000002
KONZ,2021-05-05T00:00:00Z,0.15885,19.26125
KONZ,2021-05-06T00:00:00Z,0.18233333333333335,17.64525
KONZ,2021-05-07T00:00:00Z,0.1446,19.418
KONZ,2021-05-08T00:00:00Z,0.15713333333333335,17.94875
KONZ,2021-05-09T00:00:00Z,0.1139,20.57275
KONZ,2021-05-10T00:00:00Z,0.20866666666666667,13.48275
KONZ,2021-05-11T00:00:00Z,0.0977,15.925
KONZ,2021-05-12T00:00:00Z,0.19166666666666665,14.0245
KONZ,2021-05-13T00:00:00Z,0.21157499999999999,17.491
KONZ,2021-05-14T00:00:00Z,0.1974,19.021
KONZ,2021-05-15T00:00:00Z,0.1891,17.668
KONZ,2021-05-16T00:00:00Z,0.27287500000000003,19.62625
KONZ,2021-05-17T00:00:00Z,0.32758,17.004
KONZ,2021-05-18T00:00:00Z,0.2713,18.80125
KONZ,2021-05-19T00:00:00Z,0.25822,21.921
KONZ,2021-05-20T00:00:00Z,0.284925,19.062
KONZ,2021-05-21T00:00:00Z,0.30166,19.0015
KONZ,2021-05-22T00:00:00Z,0.27444999999999997,22.07375
KONZ,2021-05-23T00:00:00Z,0.22553333333333334,21.585250000000002
KONZ,2021-05-24T00:00:00Z,0.3392,21.427
KONZ,2021-05-25T00:00:00Z,0.2656,21.102999999999998
KONZ,2021-05-26T00:00:00Z,0.24052500000000002,23.1305
KONZ,2021-05-27T00:00:00Z,0.253925,22.3195
KONZ,2021-05-28T00:00:00Z,0.27705,21.9785
KONZ,2021-05-29T00:00:00Z,0.21425,19.25375
KONZ,2021-05-30T00:00:00Z,0.2241,19.169
KONZ,2021-05-31T00:00:00Z,0.24633333333333332,17.204
LAJA,2021-05-01T00:00:00Z,0.2612,26.3915
LAJA,2021-05-02T00:00:00Z,0.3134,25.60275
LAJA,2021-05-03T00:00:00Z,0.34253333333333336,25.9605
LAJA,2021-05-04T00:00:00Z,0.33935000000000004,25.59525
LAJA,2021-05-05T00:00:00Z,0.35173333333333334,25.978
LAJA,2021-05-06T00:00:00Z,0.3156,26.624000000000002
LAJA,2021-05-07T00:00:00Z,0.3038,25.68975
LAJA,2021-05-08T00:00:00Z,0.2886,26.3595
LAJA,2021-05-09T00:00:00Z,NA,26.76425
LAJA,2021-05-10T00:00:00Z,0.2865,27.23575
LAJA,2021-05-11T00:00:00Z,0.2714,26.532
LAJA,2021-05-12T00:00:00Z,0.17735,27.12275
LAJA,2021-05-13T00:00:00Z,0.14065,27.21875
LAJA,2021-05-14T00:00:00Z,0.1127,27.177
LAJA,2021-05-15T00:00:00Z,0.07830000000000001,27.41725
LAJA,2021-05-16T00:00:00Z,0.07136666666666666,27.44475
LAJA,2021-05-17T00:00:00Z,0.0638,27.785
LAJA,2021-05-18T00:00:00Z,0.0475,27.969250000000002
LAJA,2021-05-19T00:00:00Z,0.0673,28.326249999999998
LAJA,2021-05-20T00:00:00Z,0.04,28.680500000000002
LAJA,2021-05-21T00:00:00Z,0.04925,28.49575
LAJA,2021-05-22T00:00:00Z,0.045,28.37425
LAJA,2021-05-23T00:00:00Z,NA,28.5995
LAJA,2021-05-24T00:00:00Z,0.0412,28.266
LAJA,2021-05-25T00:00:00Z,0.0255,28.191
LAJA,2021-05-26T00:00:00Z,0.03303333333333333,28.00075
LAJA,2021-05-27T00:00:00Z,0.0237,27.86925
LAJA,2021-05-28T00:00:00Z,0.030533333333333332,27.20075
LAJA,2021-05-29T00:00:00Z,0.1111,26.7245
LAJA,2021-05-30T00:00:00Z,0.0974,28.16675
LAJA,2021-05-31T00:00:00Z,0.0909,27.814
LENO,2021-05-01T00:00:00Z,NA,19.649
LENO,2021-05-02T00:00:00Z,NA,19.822
LENO,2021-05-03T00:00:00Z,NA,19.84975
LENO,2021-05-08T00:00:00Z,NA,18.4635
LENO,2021-05-09T00:00:00Z,NA,19.391
LENO,2021-05-10T00:00:00Z,NA,20.24275
LENO,2021-05-11T00:00:00Z,NA,20.34125
LENO,2021-05-12T00:00:00Z,NA,19.81875
LENO,2021-05-13T00:00:00Z,NA,19.05725
LENO,2021-05-14T00:00:00Z,NA,19.0315
LENO,2021-05-15T00:00:00Z,NA,18.92275
LENO,2021-05-16T00:00:00Z,NA,19.14375
LENO,2021-05-17T00:00:00Z,NA,19.61175
LENO,2021-05-18T00:00:00Z,NA,20.115000000000002
LENO,2021-05-19T00:00:00Z,NA,20.19525
LENO,2021-05-20T00:00:00Z,0.3112,20.97725
LENO,2021-05-21T00:00:00Z,0.29005,21.3702
LENO,2021-05-22T00:00:00Z,0.25935,21.546
LENO,2021-05-23T00:00:00Z,0.2783,21.5866
LENO,2021-05-24T00:00:00Z,0.31443333333333334,21.8564
LENO,2021-05-25T00:00:00Z,0.2002,22.3214
LENO,2021-05-26T00:00:00Z,0.23935,22.4152
LENO,2021-05-27T00:00:00Z,0.24004999999999999,22.3384
LENO,2021-05-28T00:00:00Z,0.20045000000000002,23.3344
LENO,2021-05-29T00:00:00Z,0.2212,23.085
LENO,2021-05-30T00:00:00Z,0.1639,21.64
LENO,2021-05-31T00:00:00Z,0.1628,20.2584
MLBS,2021-05-01T00:00:00Z,0.0909,11.3384
MLBS,2021-05-02T00:00:00Z,0.141,11.5268
MLBS,2021-05-03T00:00:00Z,0.1346,13.3502
MLBS,2021-05-04T00:00:00Z,0.13040000000000002,12.844
MLBS,2021-05-06T00:00:00Z,0.12955,11.6782
MLBS,2021-05-07T00:00:00Z,0.1148,11.5802
MLBS,2021-05-08T00:00:00Z,0.1205,8.7862
MLBS,2021-05-09T00:00:00Z,0.1458,9.9054
MLBS,2021-05-10T00:00:00Z,0.0878,11.1382
MLBS,2021-05-11T00:00:00Z,0.0873,9.869
MLBS,2021-05-12T00:00:00Z,0.10555,11.474
MLBS,2021-05-13T00:00:00Z,0.10135,10.4034
MLBS,2021-05-14T00:00:00Z,0.09725,9.937800000000001
MLBS,2021-05-15T00:00:00Z,0.1233,10.2266
MLBS,2021-05-16T00:00:00Z,0.0585,11.6586
MLBS,2021-05-17T00:00:00Z,0.1928,10.2262
MLBS,2021-05-18T00:00:00Z,0.12154999999999999,10.440199999999999
MLBS,2021-05-19T00:00:00Z,0.0896,12.239799999999999
MLBS,2021-05-20T00:00:00Z,0.19816666666666666,14.3484
MLBS,2021-05-21T00:00:00Z,0.22374999999999998,15.032
MLBS,2021-05-22T00:00:00Z,0.1797,15.430399999999999
MLBS,2021-05-23T00:00:00Z,0.07335,15.595
MLBS,2021-05-24T00:00:00Z,0.2238,15.987
MLBS,2021-05-25T00:00:00Z,0.1631,15.7636
MLBS,2021-05-26T00:00:00Z,0.26256666666666667,16.0282
MLBS,2021-05-27T00:00:00Z,0.2716,16.6116
MLBS,2021-05-28T00:00:00Z,0.16319999999999998,16.378
MLBS,2021-05-29T00:00:00Z,0.1758,14.759
MLBS,2021-05-30T00:00:00Z,0.25055,12.0832
MLBS,2021-05-31T00:00:00Z,0.2112,10.8494
MOAB,2021-05-01T00:00:00Z,0.10402499999999999,25.8552
MOAB,2021-05-02T00:00:00Z,0.097075,23.282
MOAB,2021-05-03T00:00:00Z,0.090475,20.0676
MOAB,2021-05-04T00:00:00Z,0.087475,20.9874
MOAB,2021-05-05T00:00:00Z,0.085525,23.0786
MOAB,2021-05-06T00:00:00Z,0.0823,24.682199999999998
MOAB,2021-05-07T00:00:00Z,0.079325,27.3052
MOAB,2021-05-08T00:00:00Z,0.07452500000000001,26.5378
MOAB,2021-05-09T00:00:00Z,0.0707,23.924
MOAB,2021-05-10T00:00:00Z,0.06825,22.3344
MOAB,2021-05-11T00:00:00Z,0.065525,16.7286
MOAB,2021-05-12T00:00:00Z,0.0665,22.672
MOAB,2021-05-13T00:00:00Z,0.065525,24.723399999999998
MOAB,2021-05-14T00:00:00Z,0.064075,26.1622
MOAB,2021-05-15T00:00:00Z,0.062325,27.775
MOAB,2021-05-16T00:00:00Z,0.060074999999999996,27.306
MOAB,2021-05-17T00:00:00Z,0.0579,27.0278
MOAB,2021-05-18T00:00:00Z,0.06586666666666666,26.031399999999998
MOAB,2021-05-19T00:00:00Z,0.05565,26.9592
MOAB,2021-05-20T00:00:00Z,0.054849999999999996,27.174
MOAB,2021-05-21T00:00:00Z,0.053275,27.7724
MOAB,2021-05-22T00:00:00Z,0.09839999999999999,20.0558
MOAB,2021-05-23T00:00:00Z,0.0786,21.2866
MOAB,2021-05-24T00:00:00Z,0.08885,22.9238
MOAB,2021-05-25T00:00:00Z,0.086075,24.735400000000002
MOAB,2021-05-26T00:00:00Z,0.082675,28.1156
MOAB,2021-05-27T00:00:00Z,0.0737,22.3648
MOAB,2021-05-28T00:00:00Z,0.07255,28.8278
MOAB,2021-05-29T00:00:00Z,0.067975,30.1904
MOAB,2021-05-30T00:00:00Z,0.06315,28.2024
MOAB,2021-05-31T00:00:00Z,0.059275,24.5834
NIWO,2021-05-01T00:00:00Z,NA,-0.0378
NIWO,2021-05-02T00:00:00Z,NA,-0.014999999999999998
NIWO,2021-05-03T00:00:00Z,0.2127,0.004399999999999999
NIWO,2021-05-04T00:00:00Z,0.2066,0.007000000000000001
NIWO,2021-05-05T00:00:00Z,0.2111,0.008599999999999998
NIWO,2021-05-06T00:00:00Z,0.2872,0.009
NIWO,2021-05-07T00:00:00Z,0.3281,0.009199999999999998
NIWO,2021-05-08T00:00:00Z,0.2552,0.0122
NIWO,2021-05-09T00:00:00Z,NA,0.0164
NIWO,2021-05-10T00:00:00Z,0.2828,0.0162
NIWO,2021-05-11T00:00:00Z,0.32445,0.0156
NIWO,2021-05-12T00:00:00Z,0.2753,0.014400000000000001
NIWO,2021-05-13T00:00:00Z,0.3175,0.0148
NIWO,2021-05-18T00:00:00Z,NA,0.0236
NIWO,2021-05-19T00:00:00Z,NA,0.03
NIWO,2021-05-20T00:00:00Z,NA,0.031
NIWO,2021-05-21T00:00:00Z,NA,0.06760000000000001
NIWO,2021-05-22T00:00:00Z,NA,0.109
NIWO,2021-05-23T00:00:00Z,NA,0.20600000000000002
NIWO,2021-05-24T00:00:00Z,NA,0.1252
NIWO,2021-05-25T00:00:00Z,NA,0.61239999999999994
NIWO,2021-05-26T00:00:00Z,NA,0.9004
NIWO,2021-05-27T00:00:00Z,0.1666,0.8118
NIWO,2021-05-28T00:00:00Z,0.316,2.0702000000000003
NIWO,2021-05-29T00:00:00Z,0.2608,2.1168
NIWO,2021-05-30T00:00:00Z,NA,1.0866
NIWO,2021-05-31T00:00:00Z,NA,0.2506
NOGP,2021-05-01T00:00:00Z,0.12953333333333333,14.8176
NOGP,2021-05-02T00:00:00Z,0.11915,17.5236
NOGP,2021-05-03T00:00:00Z,0.10692,10.902
NOGP,2021-05-04T00:00:00Z,0.1118,12.9226
NOGP,2021-05-05T00:00:00Z,0.09590000000000001,13.3506
NOGP,2021-05-06T00:00:00Z,0.097175,12.5924
NOGP,2021-05-07T00:00:00Z,0.093,14.6016
NOGP,2021-05-08T00:00:00Z,0.09063333333333333,13.1586
NOGP,2021-05-09T00:00:00Z,0.15439999999999998,5.2514
NOGP,2021-05-10T00:00:00Z,0.11262,12.7912
NOGP,2021-05-11T00:00:00Z,0.15595,13.4984
NOGP,2021-05-12T00:00:00Z,0.1737,15.3582
NOGP,2021-05-13T00:00:00Z,0.139,14.8644
NOGP,2021-05-14T00:00:00Z,0.1241,16.623
NOGP,2021-05-15T00:00:00Z,0.11833333333333333,16.9668
NOGP,2021-05-16T00:00:00Z,0.1264,18.5608
NOGP,2021-05-17T00:00:00Z,0.078,19.4932
NOGP,2021-05-18T00:00:00Z,0.0994,19.409
NOGP,2021-05-19T00:00:00Z,0.08983333333333333,19.7718
NOGP,2021-05-20T00:00:00Z,0.09997500000000001,20.818
NOGP,2021-05-21T00:00:00Z,0.08903333333333334,21.1348
NOGP,2021-05-22T00:00:00Z,0.0877,16.1304
NOGP,2021-05-23T00:00:00Z,0.1505,12.2468
NOGP,2021-05-24T00:00:00Z,0.13813333333333333,15.093
NOGP,2021-05-25T00:00:00Z,0.17976,18.685200000000002
NOGP,2021-05-26T00:00:00Z,0.1403,15.764
NOGP,2021-05-27T00:00:00Z,0.170175,10.358
NOGP,2021-05-28T00:00:00Z,0.17416666666666666,11.0992
NOGP,2021-05-29T00:00:00Z,0.18164999999999998,13.2386
NOGP,2021-05-30T00:00:00Z,0.11812500000000001,15.913599999999999
NOGP,2021-05-31T00:00:00Z,0.1414,17.9614
OAES,2021-05-01T00:00:00Z,0.3828,24.029
OAES,2021-05-02T00:00:00Z,0.3541,21.1186
OAES,2021-05-03T00:00:00Z,0.3259,24.0954
OAES,2021-05-04T00:00:00Z,0.35146666666666665,20.7238
OAES,2021-05-05T00:00:00Z,NA,21.152
OAES,2021-05-06T00:00:00Z,NA,23.0608
OAES,2021-05-07T00:00:00Z,NA,24.1482
OAES,2021-05-08T00:00:00Z,NA,23.6086
OAES,2021-05-09T00:00:00Z,NA,24.7366
OAES,2021-05-10T00:00:00Z,NA,21.9076
OAES,2021-05-11T00:00:00Z,NA,16.9952
OAES,2021-05-12T00:00:00Z,NA,14.0232
OAES,2021-05-13T00:00:00Z,NA,18.459
OAES,2021-05-14T00:00:00Z,NA,20.5018
OAES,2021-05-15T00:00:00Z,NA,21.0436
OAES,2021-05-16T00:00:00Z,NA,23.0894
OAES,2021-05-17T00:00:00Z,NA,22.2574
OAES,2021-05-18T00:00:00Z,NA,25.0328
OAES,2021-05-19T00:00:00Z,NA,25.243
OAES,2021-05-20T00:00:00Z,0.3813,25.973399999999998
OAES,2021-05-21T00:00:00Z,NA,23.3672
OAES,2021-05-22T00:00:00Z,NA,24.8136
OAES,2021-05-23T00:00:00Z,NA,24.9758
OAES,2021-05-24T00:00:00Z,NA,21.5894
OAES,2021-05-25T00:00:00Z,NA,22.7102
OAES,2021-05-26T00:00:00Z,NA,26.5624
OAES,2021-05-27T00:00:00Z,NA,27.3562
OAES,2021-05-28T00:00:00Z,NA,25.7032
OAES,2021-05-29T00:00:00Z,NA,23.7202
OAES,2021-05-30T00:00:00Z,NA,25.2228
OAES,2021-05-31T00:00:00Z,NA,24.0808
ONAQ,2021-05-01T00:00:00Z,0.14562,25.54525
ONAQ,2021-05-02T00:00:00Z,0.13804,23.1375
ONAQ,2021-05-03T00:00:00Z,0.12958,18.591250000000002
ONAQ,2021-05-04T00:00:00Z,0.1261,18.38775
ONAQ,2021-05-05T00:00:00Z,0.108675,22.96575
ONAQ,2021-05-06T00:00:00Z,0.12586,25.490000000000002
ONAQ,2021-05-07T00:00:00Z,0.12328,27.2765
ONAQ,2021-05-08T00:00:00Z,0.11558,21.328500000000002
ONAQ,2021-05-09T00:00:00Z,0.11286,22.38075
ONAQ,2021-05-10T00:00:00Z,0.12129999999999999,21.2285
ONAQ,2021-05-11T00:00:00Z,0.13103333333333333,21.0625
ONAQ,2021-05-12T00:00:00Z,0.11927499999999999,23.05
ONAQ,2021-05-13T00:00:00Z,0.10824,26.4105
ONAQ,2021-05-14T00:00:00Z,0.10632,28.89275
ONAQ,2021-05-15T00:00:00Z,0.10244,27.27525
ONAQ,2021-05-16T00:00:00Z,0.09818,28.43
ONAQ,2021-05-17T00:00:00Z,0.09482,23.042
ONAQ,2021-05-18T00:00:00Z,0.09996,16.29425
ONAQ,2021-05-19T00:00:00Z,0.09846666666666667,27.431
ONAQ,2021-05-20T00:00:00Z,0.10324,26.146
ONAQ,2021-05-21T00:00:00Z,0.09706,25.07725
ONAQ,2021-05-22T00:00:00Z,0.09657500000000001,19.2265
ONAQ,2021-05-23T00:00:00Z,0.09467500000000001,19.86275
ONAQ,2021-05-24T00:00:00Z,0.1144,19.08025
ONAQ,2021-05-25T00:00:00Z,0.09086,25.253
ONAQ,2021-05-26T00:00:00Z,0.09765,22.54725
ONAQ,2021-05-27T00:00:00Z,0.08764,27.265
ONAQ,2021-05-28T00:00:00Z,0.0861,30.37525
ONAQ,2021-05-29T00:00:00Z,0.08204,28.95375
ONAQ,2021-05-30T00:00:00Z,0.07812,28.350749999999998
ONAQ,2021-05-31T00:00:00Z,0.088425,31.2825
ORNL,2021-05-01T00:00:00Z,NA,17.2546
ORNL,2021-05-02T00:00:00Z,0.17196666666666666,17.2032
ORNL,2021-05-03T00:00:00Z,0.16925,16.567
ORNL,2021-05-04T00:00:00Z,0.20346666666666666,18.388
ORNL,2021-05-05T00:00:00Z,0.23657999999999998,16.8892
ORNL,2021-05-06T00:00:00Z,0.2561333333333333,15.995
ORNL,2021-05-07T00:00:00Z,0.2259,15.942
ORNL,2021-05-08T00:00:00Z,0.2237,15.0664
ORNL,2021-05-09T00:00:00Z,0.19203333333333333,15.362
ORNL,2021-05-10T00:00:00Z,0.23738,15.7618
ORNL,2021-05-11T00:00:00Z,0.2604666666666667,14.8984
ORNL,2021-05-12T00:00:00Z,0.24459999999999998,15.581
ORNL,2021-05-13T00:00:00Z,0.20555,14.568
ORNL,2021-05-14T00:00:00Z,0.13965,15.4184
ORNL,2021-05-15T00:00:00Z,0.21493333333333334,15.91
ORNL,2021-05-16T00:00:00Z,0.23063333333333333,16.57
ORNL,2021-05-17T00:00:00Z,0.1853,17.057
ORNL,2021-05-18T00:00:00Z,0.19727499999999998,17.8736
ORNL,2021-05-19T00:00:00Z,0.1784,17.889
ORNL,2021-05-20T00:00:00Z,0.17393333333333333,19.4374
ORNL,2021-05-21T00:00:00Z,0.156925,19.9482
ORNL,2021-05-22T00:00:00Z,0.16165,20.3282
ORNL,2021-05-23T00:00:00Z,0.11205,20.5404
ORNL,2021-05-24T00:00:00Z,0.13893333333333333,20.8448
ORNL,2021-05-25T00:00:00Z,0.14575,21.2088
ORNL,2021-05-26T00:00:00Z,0.1402,22.0528
ORNL,2021-05-27T00:00:00Z,0.12566666666666668,21.6392
ORNL,2021-05-28T00:00:00Z,0.12316666666666667,21.8782
ORNL,2021-05-29T00:00:00Z,0.16376000000000002,19.4004
ORNL,2021-05-30T00:00:00Z,0.16212,15.9636
ORNL,2021-05-31T00:00:00Z,0.155575,15.9224
OSBS,2021-05-02T00:00:00Z,0.0291,28.005
OSBS,2021-05-04T00:00:00Z,0.0266,30.9565
OSBS,2021-05-06T00:00:00Z,0.0202,31.3555
OSBS,2021-05-07T00:00:00Z,0.0269,26.6816
OSBS,2021-05-08T00:00:00Z,NA,26.85225
OSBS,2021-05-09T00:00:00Z,0.0271,28.726
OSBS,2021-05-10T00:00:00Z,0.029249999999999998,30.359333333333332
OSBS,2021-05-11T00:00:00Z,0.020900000000000002,28.7502
OSBS,2021-05-12T00:00:00Z,0.020933333333333335,27.0788
OSBS,2021-05-13T00:00:00Z,0.0187,30.264
OSBS,2021-05-14T00:00:00Z,0.019360000000000002,21.4318
OSBS,2021-05-15T00:00:00Z,0.018675,25.6114
OSBS,2021-05-16T00:00:00Z,0.019366666666666667,26.324
OSBS,2021-05-17T00:00:00Z,0.01822,26.723
OSBS,2021-05-18T00:00:00Z,0.016399999999999998,28.1994
OSBS,2021-05-19T00:00:00Z,0.0183,28.8168
OSBS,2021-05-20T00:00:00Z,0.01545,27.2194
OSBS,2021-05-21T00:00:00Z,0.016325,28.1312
OSBS,2021-05-22T00:00:00Z,0.016925,27.749
OSBS,2021-05-25T00:00:00Z,0.013033333333333333,31.8966
OSBS,2021-05-27T00:00:00Z,0.0131,32.202
OSBS,2021-05-28T00:00:00Z,0.012133333333333333,31.8972
OSBS,2021-05-29T00:00:00Z,0.013533333333333333,32.2854
OSBS,2021-05-30T00:00:00Z,0.0126,32.009
RMNP,2021-05-01T00:00:00Z,0.2732,1.65875
RMNP,2021-05-02T00:00:00Z,0.305,2.58675
RMNP,2021-05-03T00:00:00Z,0.3121,2.0324999999999998
RMNP,2021-05-04T00:00:00Z,0.3074,0.63225
RMNP,2021-05-05T00:00:00Z,0.3071,0.5365
RMNP,2021-05-06T00:00:00Z,0.3085,0.7445
RMNP,2021-05-07T00:00:00Z,0.3219,2.227
RMNP,2021-05-08T00:00:00Z,0.3366,3.737
RMNP,2021-05-09T00:00:00Z,NA,3.79775
RMNP,2021-05-10T00:00:00Z,0.3371,1.5002499999999999
RMNP,2021-05-11T00:00:00Z,0.3357,0.9485
RMNP,2021-05-12T00:00:00Z,NA,0.83475
RMNP,2021-05-13T00:00:00Z,NA,0.975
RMNP,2021-05-14T00:00:00Z,0.3363,2.19575
RMNP,2021-05-15T00:00:00Z,0.3523,4.5135000000000005
RMNP,2021-05-16T00:00:00Z,0.3584,5.027
RMNP,2021-05-17T00:00:00Z,0.3613,4.37225
RMNP,2021-05-18T00:00:00Z,0.3689,2.912
RMNP,2021-05-19T00:00:00Z,0.3712,7.313750000000001
RMNP,2021-05-21T00:00:00Z,0.3715,9.37375
RMNP,2021-05-22T00:00:00Z,NA,8.8145
RMNP,2021-05-23T00:00:00Z,0.3615,7.3355
RMNP,2021-05-24T00:00:00Z,0.3688,7.824
RMNP,2021-05-25T00:00:00Z,0.3585,9.01725
RMNP,2021-05-26T00:00:00Z,0.3509,10.188749999999999
RMNP,2021-05-27T00:00:00Z,0.3444,10.163499999999999
RMNP,2021-05-28T00:00:00Z,0.3368,10.98575
RMNP,2021-05-29T00:00:00Z,0.3968,10.6985
RMNP,2021-05-30T00:00:00Z,0.3926,9.0165
RMNP,2021-05-31T00:00:00Z,0.3879,4.54
SCBI,2021-05-01T00:00:00Z,0.22083333333333333,13.0432
SCBI,2021-05-02T00:00:00Z,0.2017,14.6044
SCBI,2021-05-03T00:00:00Z,0.19266666666666665,17.2636
SCBI,2021-05-04T00:00:00Z,0.19076666666666664,16.621000000000002
SCBI,2021-05-05T00:00:00Z,0.22153333333333333,16.6552
SCBI,2021-05-06T00:00:00Z,0.2022,15.5498
SCBI,2021-05-07T00:00:00Z,0.17959999999999998,14.236600000000001
SCBI,2021-05-08T00:00:00Z,0.22146666666666665,12.3458
SCBI,2021-05-09T00:00:00Z,NA,12.4666
SCBI,2021-05-10T00:00:00Z,0.27344999999999997,13.576
SCBI,2021-05-11T00:00:00Z,0.20293333333333333,13.8072
SCBI,2021-05-12T00:00:00Z,0.19776666666666667,13.6972
SCBI,2021-05-13T00:00:00Z,0.29536666666666667,13.454
SCBI,2021-05-14T00:00:00Z,0.23345,13.5502
SCBI,2021-05-15T00:00:00Z,0.2874,14.4038
SCBI,2021-05-16T00:00:00Z,0.2152,15.2806
SCBI,2021-05-17T00:00:00Z,0.22026666666666667,13.2466
SCBI,2021-05-18T00:00:00Z,0.26355,15.1604
SCBI,2021-05-19T00:00:00Z,0.196825,16.653
SCBI,2021-05-20T00:00:00Z,0.187775,17.6886
SCBI,2021-05-21T00:00:00Z,0.2388,18.699
SCBI,2021-05-22T00:00:00Z,0.170625,18.5906
SCBI,2021-05-23T00:00:00Z,NA,18.8384
SCBI,2021-05-24T00:00:00Z,0.16255,20.304000000000002
SCBI,2021-05-25T00:00:00Z,0.1518,16.506
SCBI,2021-05-26T00:00:00Z,0.1555666666666667,18.5112
SCBI,2021-05-27T00:00:00Z,0.0917,19.508
SCBI,2021-05-28T00:00:00Z,0.035,19.4574
SCBI,2021-05-29T00:00:00Z,0.15145,17.4632
SCBI,2021-05-30T00:00:00Z,0.23047499999999999,13.4732
SCBI,2021-05-31T00:00:00Z,0.3804,13.0126
SERC,2021-05-01T00:00:00Z,0,14.4732
SERC,2021-05-02T00:00:00Z,NA,14.273
SERC,2021-05-03T00:00:00Z,NA,16.5402
SERC,2021-05-04T00:00:00Z,NA,15.837
SERC,2021-05-05T00:00:00Z,NA,16.912399999999998
SERC,2021-05-06T00:00:00Z,NA,16.335
SERC,2021-05-07T00:00:00Z,NA,14.4812
SERC,2021-05-08T00:00:00Z,NA,12.6634
SERC,2021-05-09T00:00:00Z,NA,12.0884
SERC,2021-05-10T00:00:00Z,0,13.1024
SERC,2021-05-11T00:00:00Z,0,14.0142
SERC,2021-05-12T00:00:00Z,NA,13.7318
SERC,2021-05-13T00:00:00Z,0,13.3104
SERC,2021-05-14T00:00:00Z,0,13.7324
SERC,2021-05-15T00:00:00Z,0,14.5442
SERC,2021-05-16T00:00:00Z,0.19505,15.2396
SERC,2021-05-17T00:00:00Z,0,14.0738
SERC,2021-05-18T00:00:00Z,0.18755,15.3722
SERC,2021-05-19T00:00:00Z,0,15.9082
SERC,2021-05-20T00:00:00Z,0.3873,17.2732
SERC,2021-05-21T00:00:00Z,0.24029999999999999,17.2718
SERC,2021-05-22T00:00:00Z,0.1797,17.1704
SERC,2021-05-23T00:00:00Z,0.22343333333333334,18.3204
SERC,2021-05-24T00:00:00Z,0.25635,20.0134
SERC,2021-05-25T00:00:00Z,0.27365,15.797
SERC,2021-05-26T00:00:00Z,0.24635,16.9428
SERC,2021-05-27T00:00:00Z,0.3514,18.8278
SERC,2021-05-28T00:00:00Z,NA,19.2372
SERC,2021-05-29T00:00:00Z,0.2335,17.3608
SERC,2021-05-30T00:00:00Z,0,13.6058
SERC,2021-05-31T00:00:00Z,0.38395,13.3256
SJER,2021-05-01T00:00:00Z,0.016866666666666665,31.0632
SJER,2021-05-02T00:00:00Z,0.0154,30.455000000000002
SJER,2021-05-03T00:00:00Z,0.013600000000000001,29.6084
SJER,2021-05-04T00:00:00Z,0.01255,30.8534
SJER,2021-05-05T00:00:00Z,0.0115,32.5506
SJER,2021-05-06T00:00:00Z,0.01125,34.5336
SJER,2021-05-07T00:00:00Z,0.011975,33.5888
SJER,2021-05-08T00:00:00Z,0.012033333333333333,31.0988
SJER,2021-05-09T00:00:00Z,0.010533333333333334,31.5896
SJER,2021-05-10T00:00:00Z,0.009899999999999999,32.7594
SJER,2021-05-11T00:00:00Z,0.010725,34.80525
SJER,2021-05-12T00:00:00Z,0.009133333333333334,36.339
SJER,2021-05-13T00:00:00Z,0.010166666666666666,37.557500000000005
SJER,2021-05-14T00:00:00Z,0.00985,37.504
SJER,2021-05-15T00:00:00Z,0.0093,36.89575
SJER,2021-05-16T00:00:00Z,0.007966666666666667,32.59975
SJER,2021-05-17T00:00:00Z,0.0081,29.9495
SJER,2021-05-18T00:00:00Z,0.009025,34.341249999999995
SJER,2021-05-19T00:00:00Z,0.008799999999999999,35.624
SJER,2021-05-20T00:00:00Z,0.008766666666666667,33.718250000000005
SJER,2021-05-21T00:00:00Z,0.00835,30.3575
SJER,2021-05-22T00:00:00Z,0.0076,28.1705
SJER,2021-05-23T00:00:00Z,0.008375,30.04775
SJER,2021-05-24T00:00:00Z,0.00785,33.25975
SJER,2021-05-25T00:00:00Z,0.008225,36.17775
SJER,2021-05-26T00:00:00Z,0.0075,36.26925
SJER,2021-05-27T00:00:00Z,0.008125,36.855000000000004
SJER,2021-05-28T00:00:00Z,0.00806,36.99675
SJER,2021-05-29T00:00:00Z,0.0083,37.8
SJER,2021-05-30T00:00:00Z,0.0082,37.74125
SJER,2021-05-31T00:00:00Z,0.00828,39.0355
SOAP,2021-05-01T00:00:00Z,NA,16.7878
SOAP,2021-05-02T00:00:00Z,NA,16.3908
SOAP,2021-05-03T00:00:00Z,0,15.3196
SOAP,2021-05-04T00:00:00Z,0.1026,15.9824
SOAP,2021-05-05T00:00:00Z,0.12076,17.0816
SOAP,2021-05-06T00:00:00Z,0.1392,17.968
SOAP,2021-05-07T00:00:00Z,0.10655,17.7418
SOAP,2021-05-08T00:00:00Z,0.09083333333333334,16.6074
SOAP,2021-05-09T00:00:00Z,0.0621,16.659
SOAP,2021-05-10T00:00:00Z,0.1281,16.795
SOAP,2021-05-11T00:00:00Z,0.10366666666666667,17.3766
SOAP,2021-05-12T00:00:00Z,0.0556,17.8704
SOAP,2021-05-13T00:00:00Z,0.10479999999999999,18.2762
SOAP,2021-05-14T00:00:00Z,0.08793333333333334,18.4968
SOAP,2021-05-15T00:00:00Z,0.08563333333333334,18.4712
SOAP,2021-05-16T00:00:00Z,0.0905,16.9628
SOAP,2021-05-17T00:00:00Z,0.0473,13.7944
SOAP,2021-05-18T00:00:00Z,0.11003333333333333,17.21
SOAP,2021-05-19T00:00:00Z,0.1195,17.745800000000003
SOAP,2021-05-20T00:00:00Z,0.11,17.0782
SOAP,2021-05-21T00:00:00Z,0.11595,14.8964
SOAP,2021-05-22T00:00:00Z,0.1147,10.854
SOAP,2021-05-23T00:00:00Z,0.08275,12.6592
SOAP,2021-05-24T00:00:00Z,0.0439,15.209399999999999
SOAP,2021-05-25T00:00:00Z,0.07666666666666666,16.999200000000002
SOAP,2021-05-26T00:00:00Z,0.053533333333333336,17.6078
SOAP,2021-05-27T00:00:00Z,0.058800000000000005,17.8136
SOAP,2021-05-28T00:00:00Z,0.084425,17.934
SOAP,2021-05-29T00:00:00Z,0.08845,18.304
SOAP,2021-05-30T00:00:00Z,0.09573333333333334,18.789
SOAP,2021-05-31T00:00:00Z,0.08406666666666666,19.8152
SRER,2021-05-01T00:00:00Z,0.0287,37.3474
SRER,2021-05-02T00:00:00Z,0.02884,36.9014
SRER,2021-05-03T00:00:00Z,0.02842,36.6222
SRER,2021-05-04T00:00:00Z,0.028040000000000002,36.7712
SRER,2021-05-05T00:00:00Z,0.02834,40.0664
SRER,2021-05-06T00:00:00Z,0.027899999999999998,40.801
SRER,2021-05-07T00:00:00Z,0.027979999999999998,41.6278
SRER,2021-05-08T00:00:00Z,0.0313,40.711
SRER,2021-05-09T00:00:00Z,0.02736,39.6146
SRER,2021-05-10T00:00:00Z,0.02712,39.4696
SRER,2021-05-11T00:00:00Z,0.030375,39.2524
SRER,2021-05-12T00:00:00Z,0.02688,40.4278
SRER,2021-05-13T00:00:00Z,0.02684,42.9476
SRER,2021-05-14T00:00:00Z,0.03015,42.894
SRER,2021-05-15T00:00:00Z,0.031766666666666665,41.3244
SRER,2021-05-16T00:00:00Z,0.026324999999999998,40.8145
SRER,2021-05-17T00:00:00Z,0.0256,38.60125
SRER,2021-05-18T00:00:00Z,0.0259,39.0056
SRER,2021-05-19T00:00:00Z,0.02614,39.277
SRER,2021-05-20T00:00:00Z,0.02674,42.0148
SRER,2021-05-21T00:00:00Z,0.026439999999999998,39.6276
SRER,2021-05-22T00:00:00Z,0.0238,37.5084
SRER,2021-05-23T00:00:00Z,0.02562,36.8684
SRER,2021-05-24T00:00:00Z,0.02582,40.0698
SRER,2021-05-25T00:00:00Z,0.02564,41.493
SRER,2021-05-26T00:00:00Z,0.02578,42.728
SRER,2021-05-27T00:00:00Z,0.02526,38.6506
SRER,2021-05-28T00:00:00Z,0.02582,43.9266
SRER,2021-05-29T00:00:00Z,0.02592,44.7852
SRER,2021-05-30T00:00:00Z,0.02562,43.3762
SRER,2021-05-31T00:00:00Z,0.02562,43.6872
STEI,2021-05-01T00:00:00Z,0.32615,8.8585
STEI,2021-05-02T00:00:00Z,0.324025,13.5655
STEI,2021-05-03T00:00:00Z,0.322375,11.29075
STEI,2021-05-04T00:00:00Z,0.36423333333333335,9.98
STEI,2021-05-05T00:00:00Z,0.37615,8.6685
STEI,2021-05-06T00:00:00Z,0.29986666666666667,9.91175
STEI,2021-05-07T00:00:00Z,0.3545333333333333,9.482
STEI,2021-05-08T00:00:00Z,0.35523333333333335,7.1594999999999995
STEI,2021-05-09T00:00:00Z,0.34355,9.12725
STEI,2021-05-10T00:00:00Z,0.279175,9.2625
STEI,2021-05-11T00:00:00Z,0.35076666666666667,7.55025
STEI,2021-05-12T00:00:00Z,0.29742,9.4465
STEI,2021-05-13T00:00:00Z,0.27797499999999997,11.23075
STEI,2021-05-14T00:00:00Z,0.3689,11.29175
STEI,2021-05-15T00:00:00Z,0.30920000000000003,12.0805
STEI,2021-05-16T00:00:00Z,0.274475,9.782499999999999
STEI,2021-05-17T00:00:00Z,0.2094,13.74925
STEI,2021-05-18T00:00:00Z,0.25265,15.23175
STEI,2021-05-19T00:00:00Z,0.3424,14.52975
STEI,2021-05-20T00:00:00Z,0.2929333333333333,14.0465
STEI,2021-05-21T00:00:00Z,0.30696666666666667,14.974499999999999
STEI,2021-05-22T00:00:00Z,0.36883333333333335,15.586500000000001
STEI,2021-05-23T00:00:00Z,0.328025,17.38425
STEI,2021-05-24T00:00:00Z,0.3524,13.1765
STEI,2021-05-25T00:00:00Z,0.297925,15.35275
STEI,2021-05-26T00:00:00Z,0.29733333333333334,15.427
STEI,2021-05-27T00:00:00Z,0.2714,12.9095
STEI,2021-05-28T00:00:00Z,0.37135,9.18975
STEI,2021-05-29T00:00:00Z,0.278,11.10925
STEI,2021-05-30T00:00:00Z,0.29325,12.515
STEI,2021-05-31T00:00:00Z,0.28,10.34125
STER,2021-05-01T00:00:00Z,NA,22.621
STER,2021-05-02T00:00:00Z,NA,22.4478
STER,2021-05-03T00:00:00Z,NA,15.0238
STER,2021-05-04T00:00:00Z,NA,10.6016
STER,2021-05-05T00:00:00Z,NA,14.2098
STER,2021-05-06T00:00:00Z,NA,15.5062
STER,2021-05-07T00:00:00Z,NA,20.6936
STER,2021-05-08T00:00:00Z,NA,22.2242
STER,2021-05-09T00:00:00Z,NA,16.8654
STER,2021-05-10T00:00:00Z,NA,16.6072
STER,2021-05-11T00:00:00Z,NA,8.8482
STER,2021-05-12T00:00:00Z,NA,8.285
STER,2021-05-13T00:00:00Z,NA,14.1596
STER,2021-05-14T00:00:00Z,NA,20.4572
STER,2021-05-15T00:00:00Z,NA,20.2216
STER,2021-05-18T00:00:00Z,NA,15.803799999999999
STER,2021-05-19T00:00:00Z,NA,19.672
STER,2021-05-20T00:00:00Z,NA,20.5524
STER,2021-05-21T00:00:00Z,NA,21.3168
STER,2021-05-22T00:00:00Z,NA,21.054
STER,2021-05-23T00:00:00Z,NA,19.6078
STER,2021-05-24T00:00:00Z,NA,12.6808
STER,2021-05-25T00:00:00Z,NA,24.4118
STER,2021-05-26T00:00:00Z,NA,24.5794
STER,2021-05-27T00:00:00Z,NA,19.9652
STER,2021-05-28T00:00:00Z,NA,25.362
STER,2021-05-29T00:00:00Z,NA,23.1564
STER,2021-05-30T00:00:00Z,NA,15.4422
STER,2021-05-31T00:00:00Z,NA,13.378400000000001
TALL,2021-05-01T00:00:00Z,0.05915,19.862199999999998
TALL,2021-05-02T00:00:00Z,0.0495,21.282
TALL,2021-05-03T00:00:00Z,0.0417,19.854200000000002
TALL,2021-05-04T00:00:00Z,0.057875,21.5512
TALL,2021-05-06T00:00:00Z,0.0876,20.1766
TALL,2021-05-07T00:00:00Z,0.085225,19.8978
TALL,2021-05-08T00:00:00Z,0.08103333333333333,18.9506
TALL,2021-05-09T00:00:00Z,0.061200000000000004,20.349800000000002
TALL,2021-05-10T00:00:00Z,0.0561,21.653200000000002
TALL,2021-05-11T00:00:00Z,0.09095,20.6956
TALL,2021-05-12T00:00:00Z,0.10023333333333334,19.7962
TALL,2021-05-13T00:00:00Z,0.094925,19.3486
TALL,2021-05-14T00:00:00Z,0.08176,18.97
TALL,2021-05-15T00:00:00Z,0.06806666666666666,19.6018
TALL,2021-05-16T00:00:00Z,0.0675,20.5482
TALL,2021-05-17T00:00:00Z,0.05616666666666667,21.247
TALL,2021-05-18T00:00:00Z,0.0917,21.597
TALL,2021-05-19T00:00:00Z,0.0576,20.7056
TALL,2021-05-20T00:00:00Z,0.06093333333333333,22.4664
TALL,2021-05-21T00:00:00Z,0.0519,22.5726
TALL,2021-05-22T00:00:00Z,0.06670000000000001,23.1326
TALL,2021-05-23T00:00:00Z,0.04516666666666666,23.1178
TALL,2021-05-24T00:00:00Z,0.04216666666666667,24.025
TALL,2021-05-25T00:00:00Z,0.034249999999999996,24.3084
TALL,2021-05-26T00:00:00Z,0.038566666666666666,25.0456
TALL,2021-05-27T00:00:00Z,0.034925,23.492
TALL,2021-05-28T00:00:00Z,0.05789999999999999,24.7016
TALL,2021-05-29T00:00:00Z,0.06968,22.9822
TALL,2021-05-30T00:00:00Z,0.07164999999999999,20.6284
TALL,2021-05-31T00:00:00Z,0.04565,21.1384
TEAK,2021-05-01T00:00:00Z,0.13003333333333333,13.6904
TEAK,2021-05-02T00:00:00Z,0.1423,12.6372
TEAK,2021-05-03T00:00:00Z,0.13735,9.9698
TEAK,2021-05-04T00:00:00Z,0.13496666666666665,11.5744
TEAK,2021-05-05T00:00:00Z,0.127375,13.4624
TEAK,2021-05-06T00:00:00Z,0.1111,14.7122
TEAK,2021-05-07T00:00:00Z,0.12185,14.2688
TEAK,2021-05-08T00:00:00Z,0.10236666666666668,12.7786
TEAK,2021-05-09T00:00:00Z,0.107875,12.734
TEAK,2021-05-10T00:00:00Z,0.1256,12.9122
TEAK,2021-05-11T00:00:00Z,0.11498,13.667
TEAK,2021-05-12T00:00:00Z,0.11273999999999999,14.4702
TEAK,2021-05-13T00:00:00Z,0.098375,15.1518
TEAK,2021-05-14T00:00:00Z,0.0956,15.385
TEAK,2021-05-15T00:00:00Z,0.10915,15.2812
TEAK,2021-05-16T00:00:00Z,0.10124,12.6922
TEAK,2021-05-17T00:00:00Z,0.10793333333333334,7.917
TEAK,2021-05-18T00:00:00Z,0.08995,12.859
TEAK,2021-05-19T00:00:00Z,0.0936,14.4054
TEAK,2021-05-20T00:00:00Z,0.10573333333333333,13.2448
TEAK,2021-05-21T00:00:00Z,0.093875,10.2128
TEAK,2021-05-22T00:00:00Z,0.08036666666666667,3.4324
TEAK,2021-05-23T00:00:00Z,0.10780000000000001,3.957
TEAK,2021-05-24T00:00:00Z,0.114175,7.3508
TEAK,2021-05-25T00:00:00Z,0.10796,12.1492
TEAK,2021-05-26T00:00:00Z,0.10392,12.8694
TEAK,2021-05-27T00:00:00Z,0.085825,13.575800000000001
TEAK,2021-05-28T00:00:00Z,0.0905,14.141
TEAK,2021-05-29T00:00:00Z,0.079725,14.733
TEAK,2021-05-30T00:00:00Z,0.10045,15.375
TEAK,2021-05-31T00:00:00Z,0.097775,16.8916
TOOL,2021-05-06T00:00:00Z,0.0152,-5.30975
TOOL,2021-05-07T00:00:00Z,NA,-5.208
TOOL,2021-05-08T00:00:00Z,NA,-5.205
TOOL,2021-05-09T00:00:00Z,NA,-5.1474
TOOL,2021-05-10T00:00:00Z,NA,-5.0123999999999995
TOOL,2021-05-11T00:00:00Z,NA,-4.296
TOOL,2021-05-12T00:00:00Z,NA,-3.1176
TOOL,2021-05-13T00:00:00Z,NA,-2.9244
TOOL,2021-05-14T00:00:00Z,NA,-2.1364
TOOL,2021-05-15T00:00:00Z,NA,-1.7072
TOOL,2021-05-16T00:00:00Z,NA,-1.6542000000000001
TOOL,2021-05-17T00:00:00Z,NA,-1.8546
TOOL,2021-05-18T00:00:00Z,NA,-2.0496
TOOL,2021-05-19T00:00:00Z,NA,-2.1536
TOOL,2021-05-20T00:00:00Z,NA,-2.2264
TOOL,2021-05-21T00:00:00Z,NA,-2.1864
TOOL,2021-05-22T00:00:00Z,NA,-1.6032
TOOL,2021-05-23T00:00:00Z,NA,-0.4158
TOOL,2021-05-24T00:00:00Z,NA,-0.144
TOOL,2021-05-25T00:00:00Z,NA,-0.10200000000000001
TOOL,2021-05-26T00:00:00Z,NA,-0.0974
TOOL,2021-05-27T00:00:00Z,NA,-0.1038
TOOL,2021-05-28T00:00:00Z,NA,-0.1424
TOOL,2021-05-29T00:00:00Z,NA,-0.1854
TOOL,2021-05-30T00:00:00Z,NA,-0.2418
TOOL,2021-05-31T00:00:00Z,NA,-0.2788
TREE,2021-05-01T00:00:00Z,0.22632000000000002,8.5694
TREE,2021-05-02T00:00:00Z,0.247425,13.1064
TREE,2021-05-03T00:00:00Z,0.22028,11.1926
TREE,2021-05-04T00:00:00Z,0.23409999999999997,9.9836
TREE,2021-05-05T00:00:00Z,0.259,8.8058
TREE,2021-05-06T00:00:00Z,0.22078,9.4062
TREE,2021-05-07T00:00:00Z,0.2189,9.1602
TREE,2021-05-08T00:00:00Z,0.22615000000000002,7.087
TREE,2021-05-09T00:00:00Z,0.2241,8.5062
TREE,2021-05-10T00:00:00Z,0.21718,8.8462
TREE,2021-05-11T00:00:00Z,0.21537499999999998,7.2652
TREE,2021-05-12T00:00:00Z,0.23285,8.956999999999999
TREE,2021-05-13T00:00:00Z,0.20634000000000002,10.5814
TREE,2021-05-14T00:00:00Z,0.22665,10.5784
TREE,2021-05-15T00:00:00Z,0.1812,11.6014
TREE,2021-05-16T00:00:00Z,0.17263333333333333,9.537
TREE,2021-05-17T00:00:00Z,0.17535,13.2024
TREE,2021-05-18T00:00:00Z,0.19154,14.7408
TREE,2021-05-19T00:00:00Z,0.17456666666666668,13.8676
TREE,2021-05-20T00:00:00Z,0.169275,13.6422
TREE,2021-05-21T00:00:00Z,0.19092499999999998,14.605
TREE,2021-05-22T00:00:00Z,0.2408,15.1794
TREE,2021-05-23T00:00:00Z,0.1813,16.7586
TREE,2021-05-24T00:00:00Z,0.1656,13.2762
TREE,2021-05-25T00:00:00Z,0.2185,14.9576
TREE,2021-05-26T00:00:00Z,0.2924,15.2896
TREE,2021-05-27T00:00:00Z,0.21223333333333333,13.066
TREE,2021-05-28T00:00:00Z,0.22126666666666667,9.4172
TREE,2021-05-29T00:00:00Z,0.22442,11.0776
TREE,2021-05-30T00:00:00Z,0.19713333333333333,12.1714
TREE,2021-05-31T00:00:00Z,0.1758,10.2066
UKFS,2021-05-01T00:00:00Z,0.2472,19.28
UKFS,2021-05-02T00:00:00Z,0.23274,18.9778
UKFS,2021-05-03T00:00:00Z,0.202,18.3206
UKFS,2021-05-04T00:00:00Z,0.2145,17.9326
UKFS,2021-05-05T00:00:00Z,0.2039,16.1448
UKFS,2021-05-06T00:00:00Z,0.18938,16.2738
UKFS,2021-05-07T00:00:00Z,0.186,15.5176
UKFS,2021-05-08T00:00:00Z,0.1753,14.683399999999999
UKFS,2021-05-09T00:00:00Z,0.16274,18.0492
UKFS,2021-05-10T00:00:00Z,0.27236,12.8806
UKFS,2021-05-11T00:00:00Z,0.25152,13.9778
UKFS,2021-05-12T00:00:00Z,0.25526666666666664,13.138200000000001
UKFS,2021-05-13T00:00:00Z,0.2366,14.414
UKFS,2021-05-14T00:00:00Z,0.22602,15.1234
UKFS,2021-05-15T00:00:00Z,0.21263333333333334,15.7548
UKFS,2021-05-16T00:00:00Z,0.22826666666666667,15.7196
UKFS,2021-05-17T00:00:00Z,0.295175,14.8374
UKFS,2021-05-18T00:00:00Z,0.27645000000000003,15.8668
UKFS,2021-05-19T00:00:00Z,0.25773333333333337,17.750799999999998
UKFS,2021-05-20T00:00:00Z,0.29958,17.3098
UKFS,2021-05-21T00:00:00Z,0.35292,16.5606
UKFS,2021-05-22T00:00:00Z,0.2940333333333333,18.0242
UKFS,2021-05-23T00:00:00Z,0.2848,17.493
UKFS,2021-05-24T00:00:00Z,0.2788,18.7504
UKFS,2021-05-25T00:00:00Z,0.277175,19.0422
UKFS,2021-05-26T00:00:00Z,0.23586666666666667,19.462799999999998
UKFS,2021-05-27T00:00:00Z,0.2549,20.532600000000002
UKFS,2021-05-28T00:00:00Z,0.2953,19.2764
UKFS,2021-05-29T00:00:00Z,0.2948,15.9236
UKFS,2021-05-30T00:00:00Z,0.2738,16.0686
UKFS,2021-05-31T00:00:00Z,0.2809666666666667,15.5578
UNDE,2021-05-01T00:00:00Z,NA,7.4615
UNDE,2021-05-02T00:00:00Z,0.3919,11.64425
UNDE,2021-05-03T00:00:00Z,0.3894,9.63375
UNDE,2021-05-04T00:00:00Z,NA,9.30425
UNDE,2021-05-05T00:00:00Z,0.3991,7.8155
UNDE,2021-05-06T00:00:00Z,NA,8.65025
UNDE,2021-05-07T00:00:00Z,0.1603,8.38675
UNDE,2021-05-08T00:00:00Z,0.1623,6.316000000000001
UNDE,2021-05-09T00:00:00Z,0.2772,8.20825
UNDE,2021-05-10T00:00:00Z,0.3921,7.58225
UNDE,2021-05-11T00:00:00Z,0.273,6.6745
UNDE,2021-05-12T00:00:00Z,0.27165,7.8015
UNDE,2021-05-13T00:00:00Z,0.2701,10.34125
UNDE,2021-05-14T00:00:00Z,0.26705,10.783999999999999
UNDE,2021-05-15T00:00:00Z,0.2632,11.3445
UNDE,2021-05-16T00:00:00Z,0.1426,10.07075
UNDE,2021-05-17T00:00:00Z,0.2619,12.4115
UNDE,2021-05-18T00:00:00Z,0.25815,14.36725
UNDE,2021-05-19T00:00:00Z,0.2499,14.50525
UNDE,2021-05-20T00:00:00Z,0.2514,13.67025
UNDE,2021-05-21T00:00:00Z,0.1302,14.01925
UNDE,2021-05-22T00:00:00Z,0.1903,14.69875
UNDE,2021-05-23T00:00:00Z,NA,15.9245
UNDE,2021-05-24T00:00:00Z,0.1939,12.03025
UNDE,2021-05-25T00:00:00Z,0.2329,14.51825
UNDE,2021-05-26T00:00:00Z,NA,15.497
UNDE,2021-05-27T00:00:00Z,NA,11.9555
UNDE,2021-05-28T00:00:00Z,0.1668,9.1985
UNDE,2021-05-29T00:00:00Z,0.1616,9.81475
UNDE,2021-05-30T00:00:00Z,0.1562,10.83775
UNDE,2021-05-31T00:00:00Z,0.1526,9.780750000000001
WOOD,2021-05-01T00:00:00Z,0.2504,12.4556
WOOD,2021-05-02T00:00:00Z,0.19016666666666665,15.9142
WOOD,2021-05-03T00:00:00Z,0.179525,9.2836
WOOD,2021-05-04T00:00:00Z,0.148775,9.4206
WOOD,2021-05-05T00:00:00Z,0.1595,11.187
WOOD,2021-05-06T00:00:00Z,0.271125,7.5626
WOOD,2021-05-07T00:00:00Z,0.243925,10.893
WOOD,2021-05-08T00:00:00Z,0.25083333333333335,10.8236
WOOD,2021-05-09T00:00:00Z,0.23645,7.72
WOOD,2021-05-10T00:00:00Z,0.2223,10.9742
WOOD,2021-05-11T00:00:00Z,0.167,12.6512
WOOD,2021-05-12T00:00:00Z,0.1909,14.173400000000001
WOOD,2021-05-13T00:00:00Z,0.1689,15.1066
WOOD,2021-05-14T00:00:00Z,0.17826,11.819799999999999
WOOD,2021-05-15T00:00:00Z,0.160825,16.107
WOOD,2021-05-16T00:00:00Z,0.16613333333333336,18.1596
WOOD,2021-05-17T00:00:00Z,0.154575,18.9766
WOOD,2021-05-18T00:00:00Z,0.12966,19.1706
WOOD,2021-05-19T00:00:00Z,0.12474,18.4312
WOOD,2021-05-20T00:00:00Z,0.10535,16.9104
WOOD,2021-05-21T00:00:00Z,0.12924,16.4004
WOOD,2021-05-22T00:00:00Z,0.238975,16.974999999999998
WOOD,2021-05-23T00:00:00Z,0.2387,11.954
WOOD,2021-05-24T00:00:00Z,0.2629,14.6408
WOOD,2021-05-25T00:00:00Z,0.23500000000000001,18.3744
WOOD,2021-05-26T00:00:00Z,0.22272,14.066
WOOD,2021-05-27T00:00:00Z,0.217875,12.4806
WOOD,2021-05-28T00:00:00Z,0.1999,10.9364
WOOD,2021-05-29T00:00:00Z,0.1865,13.479
WOOD,2021-05-30T00:00:00Z,0.17654,12.437
WOOD,2021-05-31T00:00:00Z,0.16212000000000001,17.296
WREF,2021-05-01T00:00:00Z,0.32565,12.5052
WREF,2021-05-02T00:00:00Z,0.3225,11.0474
WREF,2021-05-03T00:00:00Z,0.31930000000000003,11.3962
WREF,2021-05-04T00:00:00Z,0.31655,11.160400000000001
WREF,2021-05-05T00:00:00Z,0.3425,12.337
WREF,2021-05-06T00:00:00Z,0.2835,13.3592
WREF,2021-05-07T00:00:00Z,NA,11.5342
WREF,2021-05-08T00:00:00Z,0.31755,8.9704
WREF,2021-05-09T00:00:00Z,0.3391,9.4136
WREF,2021-05-10T00:00:00Z,0.297,10.878
WREF,2021-05-11T00:00:00Z,0.2923,12.0356
WREF,2021-05-12T00:00:00Z,0.3126,13.4388
WREF,2021-05-13T00:00:00Z,0.3106,14.9346
WREF,2021-05-14T00:00:00Z,0.3067,15.529399999999999
WREF,2021-05-15T00:00:00Z,0.2796,16.3024
WREF,2021-05-16T00:00:00Z,0.2746,16.3718
WREF,2021-05-17T00:00:00Z,0.29984999999999995,17.034
WREF,2021-05-18T00:00:00Z,0.2972,14.7508
WREF,2021-05-19T00:00:00Z,0.2737,11.0664
WREF,2021-05-20T00:00:00Z,0.30484999999999995,10.685
WREF,2021-05-21T00:00:00Z,NA,10.377
WREF,2021-05-22T00:00:00Z,0.3016,12.1388
WREF,2021-05-23T00:00:00Z,0.3302,11.2926
WREF,2021-05-24T00:00:00Z,0.2725,10.7782
WREF,2021-05-25T00:00:00Z,0.2704,11.3702
WREF,2021-05-26T00:00:00Z,0.31155,12.303
WREF,2021-05-27T00:00:00Z,0.312,13.7868
WREF,2021-05-28T00:00:00Z,0.3027,12.102
WREF,2021-05-29T00:00:00Z,0.3028,12.5996
WREF,2021-05-30T00:00:00Z,0.342,14.651
WREF,2021-05-31T00:00:00Z,0.2938,16.4212
YELL,2021-05-01T00:00:00Z,0,7.383
YELL,2021-05-02T00:00:00Z,0,6.6353333333333335
YELL,2021-05-03T00:00:00Z,0,3.5636666666666668
YELL,2021-05-04T00:00:00Z,0,4.602333333333333
YELL,2021-05-05T00:00:00Z,0,5.109333333333334
YELL,2021-05-06T00:00:00Z,0,7.389666666666667
YELL,2021-05-07T00:00:00Z,0,10.392666666666667
YELL,2021-05-08T00:00:00Z,0,11.037333333333333
YELL,2021-05-09T00:00:00Z,0,3.8213333333333335
YELL,2021-05-10T00:00:00Z,NA,5.4286666666666665
YELL,2021-05-11T00:00:00Z,NA,2.6706666666666665
YELL,2021-05-12T00:00:00Z,NA,6.320666666666667
YELL,2021-05-13T00:00:00Z,0,8.135
YELL,2021-05-14T00:00:00Z,NA,10.744666666666667
YELL,2021-05-15T00:00:00Z,0,9.815
YELL,2021-05-16T00:00:00Z,0,10.654333333333334
YELL,2021-05-17T00:00:00Z,0,12.702
YELL,2021-05-18T00:00:00Z,0,12.807333333333334
YELL,2021-05-19T00:00:00Z,0,14.193666666666667
YELL,2021-05-20T00:00:00Z,0,12.792
YELL,2021-05-21T00:00:00Z,NA,9.758666666666667
YELL,2021-05-22T00:00:00Z,0.07,3.6923333333333335
YELL,2021-05-23T00:00:00Z,0,6.937333333333334
YELL,2021-05-24T00:00:00Z,0,3.382
YELL,2021-05-25T00:00:00Z,0.0823,7.747333333333333
YELL,2021-05-26T00:00:00Z,0,10.788666666666666
YELL,2021-05-27T00:00:00Z,0.06975,7.59
YELL,2021-05-28T00:00:00Z,0.1315,12.360000000000001
YELL,2021-05-29T00:00:00Z,0.05865,9.814666666666668
YELL,2021-05-30T00:00:00Z,NA,12.450666666666667
YELL,2021-05-31T00:00:00Z,0,13.330333333333334
